vec_1 <- c(1,2,3,4)
vec_2 <- c(10,20,30,40,50,60,70,80,90,100)
vec_addition <- vec_1 + vec_2
vec_addition